a1,4,4,15,0
a2,5,4,22,0
a3,7,6,24,5
a4,7,8,31,16
a5,12,10,35,20
a6,16,10,38,24
a7,18,17,40,26
a8,22,20,46,29
a9,30,22,50,36
a10,35,31,54,40
a11,40,35,62,50
a12,48,40,63,58
a13,52,48,70,64
a14,60,55,78,70
a15,68,64,86,72
a16,72,70,92,95
a17,72,78,100,100
a18,85,84,115,108
a19,87,86,130,115
a20,92,88,138,128
a21,95,90,149,135
a22,97,90,158,146
a23,99,94,165,153
a24,103,98,170,161
a25,113,100,174,161
a26,117,105,180,168
a27,125,107,189,175
a28,130,115,195,180
a29,135,120,200,190
a30,140,130,210,200
